:name
cuboctahedron
:number
10
:solid
14 4
3 8 10 9
4 5 6 8 9
4 7 11 10 8
3 6 7 8
4 0 1 9 10
3 1 5 9
3 0 10 11
3 4 6 5
3 3 11 7
4 3 7 6 4
3 0 2 1
4 1 2 4 5
4 0 11 3 2
3 2 3 4
:dummy
:vertices
12 0
6.20492796223 0.794362459277 -0.316496580922
6.20492796224 0.79436245928 -1.31649658092
6.71481323778 0.0943503124005 -0.816496580916
6.224797215 -0.619711517851 -0.316496580922
6.224797215 -0.619711517849 -1.31649658092
5.71491193946 0.0803006290295 -1.81649658092
5.22489591667 -0.633761201222 -1.31649658093
5.22489591667 -0.633761201224 -0.316496580929
4.71501064112 0.0662509456539 -0.81649658093
5.20502666391 0.780312775906 -1.31649658093
5.2050266639 0.780312775903 -0.316496580928
5.71491193945 0.0803006290245 0.183503419075
:EOF
