:name
rhombicuboctahedron
:number
13
:symbol
@"r" left { pile { 3 above 4 } right }@	@E sub 4 @
:dual
trapezoidal icositetrahedron
:sfaces
26 8{3} 18{4}
:svertices
24 24(@3@.@4 sup 3@)
:net
26 4
4 3 2 6 7
4 2 1 5 6
4 1 0 4 5
3 9 6 13
4 6 5 12 13
3 5 8 12
4 14 13 19 20
4 13 12 18 19
4 12 11 17 18
3 23 19 26
4 19 18 25 26
3 18 22 25
4 27 26 30 31
4 26 25 29 30
4 25 24 28 29
3 33 30 36
4 30 29 35 36
3 29 32 35
4 37 36 40 41
4 36 35 39 40
4 35 34 38 39
3 43 40 45
4 40 39 44 45
3 39 42 44
4 15 14 20 21
4 11 10 16 17
:solid
26 4
4 57 63 67 61
4 63 57 51 56
3 63 56 65
4 67 63 65 69
3 67 69 68
4 61 67 68 62
3 61 62 55
4 57 61 55 49
3 57 49 51
4 54 48 52 58
4 48 54 53 47
3 48 47 46
4 52 48 46 50
3 52 50 59
4 58 52 59 64
3 58 64 66
4 54 58 66 60
3 54 60 53
4 62 59 50 55
4 55 50 46 49
4 49 46 47 51
4 51 47 53 56
4 56 53 60 65
4 65 60 66 69
4 69 66 64 68
4 68 64 59 62
:hinges
25
0 1 1 3 2.3561944901923449
1 1 2 3 2.3561944901923449
3 1 4 3 2.5261129449194059
1 2 4 0 2.3561944901923449
4 1 5 2 2.5261129449194059
6 1 7 3 2.3561944901923449
7 1 8 3 2.3561944901923449
9 1 10 3 2.5261129449194059
7 2 10 0 2.3561944901923449
10 1 11 2 2.5261129449194059
7 0 4 2 2.3561944901923449
12 1 13 3 2.3561944901923449
13 1 14 3 2.3561944901923449
15 1 16 3 2.5261129449194059
13 2 16 0 2.3561944901923449
16 1 17 2 2.5261129449194059
13 0 10 2 2.3561944901923449
18 1 19 3 2.3561944901923449
19 1 20 3 2.3561944901923449
21 1 22 3 2.5261129449194059
19 2 22 0 2.3561944901923449
22 1 23 2 2.5261129449194059
19 0 16 2 2.3561944901923449
24 1 6 3 2.3561944901923449
25 3 8 1 2.3561944901923449
:dih
2
24 3 4 2.5261129449194059
24 4 4 2.3561944901923449
:vertices
70 46
-.5[-1/2] -2.5[-5/2] 0[0]
-.5[-1/2] -1.5[-3/2] 0[0]
-.5[-1/2] -.5[-1/2] 0[0]
-.5[-1/2] .5[1/2] 0[0]
.5[1/2] -2.5[-5/2] 0[0]
.5[1/2] -1.5[-3/2] 0[0]
.5[1/2] -.5[-1/2] 0[0]
.5[1/2] .5[1/2] 0[0]
1[1] -2.36602540378444[(-3/2+(-1/2)*sqrt(3))] 0[0]
1[1] .366025403784439[(-1/2+(1/2)*sqrt(3))] 0[0]
1.5[3/2] -3.5[-7/2] 0[0]
1.5[3/2] -2.5[-5/2] 0[0]
1.5[3/2] -1.5[-3/2] 0[0]
1.5[3/2] -.5[-1/2] 0[0]
1.5[3/2] .5[1/2] 0[0]
1.5[3/2] 1.5[3/2] 0[0]
2.5[5/2] -3.5[-7/2] 0[0]
2.5[5/2] -2.5[-5/2] 0[0]
2.5[5/2] -1.5[-3/2] 0[0]
2.5[5/2] -.5[-1/2] 0[0]
2.5[5/2] .5[1/2] 0[0]
2.5[5/2] 1.5[3/2] 0[0]
3[3] -2.36602540378444[(-3/2+(-1/2)*sqrt(3))] 0[0]
3[3] .366025403784439[(-1/2+(1/2)*sqrt(3))] 0[0]
3.5[7/2] -2.5[-5/2] 0[0]
3.5[7/2] -1.5[-3/2] 0[0]
3.5[7/2] -.5[-1/2] 0[0]
3.5[7/2] .5[1/2] 0[0]
4.5[9/2] -2.5[-5/2] 0[0]
4.5[9/2] -1.5[-3/2] 0[0]
4.5[9/2] -.5[-1/2] 0[0]
4.5[9/2] .5[1/2] 0[0]
5[5] -2.36602540378444[(-3/2+(-1/2)*sqrt(3))] 0[0]
5[5] .366025403784439[(-1/2+(1/2)*sqrt(3))] 0[0]
5.5[11/2] -2.5[-5/2] 0[0]
5.5[11/2] -1.5[-3/2] 0[0]
5.5[11/2] -.5[-1/2] 0[0]
5.5[11/2] .5[1/2] 0[0]
6.5[13/2] -2.5[-5/2] 0[0]
6.5[13/2] -1.5[-3/2] 0[0]
6.5[13/2] -.5[-1/2] 0[0]
6.5[13/2] .5[1/2] 0[0]
7[7] -2.36602540378444[(-3/2+(-1/2)*sqrt(3))] 0[0]
7[7] .366025403784439[(-1/2+(1/2)*sqrt(3))] 0[0]
7.5[15/2] -1.5[-3/2] 0[0]
7.5[15/2] -.5[-1/2] 0[0]
-4.0226775473018528 -3.7945617028617659 -9.4356784060705821
-3.9182575524023213 -2.8319629935700905 -9.1856780270005023
-3.8869496917280816 -3.5384205136755338 -8.478615377621771
-3.529930778072341 -3.6262835494839813 -10.28942490504416
-3.4856547768979438 -4.6253653556575626 -9.2894873168453063
-3.4255107831728098 -2.6636848401923061 -10.039424525974081
-3.3499269213241733 -4.3692241664713305 -8.3324242883964954
-3.2335626090285662 -2.3014464965627641 -8.685933011095905
-3.2022547483543266 -3.0079040166682075 -7.9788703617171736
-2.9929080076684326 -4.4570872022797784 -10.143233815818884
-2.7408158397990542 -2.1331683431849797 -9.5396795100694827
-2.6973537586386689 -3.1321611135397868 -10.539741754272331
-2.6652319779504179 -3.8387076694640045 -7.832679272491898
-2.6217698967900319 -4.8377004398188115 -8.8327415166947469
-2.3696777289206548 -2.513781580724013 -8.2291872109453452
-2.1603309882347601 -3.9629647663355839 -10.393550665047055
-2.1290231275605204 -4.6694222864410267 -9.6864880156683248
-2.0126588152649137 -2.6016446165324607 -10.039996738367734
-1.9370749534162772 -4.307183942811485 -8.3329965007901496
-1.8769309596911424 -2.3455034273462283 -9.0829337099189227
-1.8326549585167457 -3.3445852335198095 -8.0829961217200694
-1.4756360448610052 -3.4324482693282574 -9.893805649142458
-1.4443281841867652 -4.1389057894337007 -9.1867429997637271
-1.3399081892872341 -3.1763070801420253 -8.9367426206936471
:EOF
