:name
snub cube (laevo)
:number
15
:solid
38 4
4 1 7 13 19
3 1 19 18
3 0 7 1
3 12 19 13
3 6 13 7
3 1 18 2
3 0 1 2
3 18 19 20
3 0 8 7
3 12 20 19
3 6 7 8
3 12 13 14
3 6 14 13
3 2 18 23
3 0 5 8
3 12 17 20
4 0 2 3 5
4 18 20 21 23
3 6 11 14
3 2 23 3
4 6 8 9 11
4 12 14 15 17
3 17 21 20
3 5 9 8
3 11 15 14
3 3 23 22
3 21 22 23
3 3 4 5
3 4 9 5
3 16 21 17
3 15 16 17
3 9 10 11
3 10 15 11
3 3 22 4
3 16 22 21
3 4 10 9
3 10 16 15
4 4 22 16 10
:dummy
:vertices
24 0
-2.37395142234 1.09394016448 -14.902667914
-2.90454892373 0.850868697517 -14.0906441763
-2.17853962437 1.5356046848 -14.0270271882
-1.2019672523 1.53001469021 -14.2421437939
-0.577400628305 0.837547875517 -14.6032618352
-1.39737905027 1.08835016989 -15.1177845197
-2.16856595071 -0.576362284943 -14.987481145
-2.79323726541 0.188854293925 -14.8318234017
-1.97380556579 0.317970362387 -15.39026832
-0.997040637497 0.178572691339 -15.2274845243
-0.465630113169 -0.143326978636 -14.4439135612
-1.1918010224 -0.715759955991 -14.8246973492
-2.22843346327 -0.669100453809 -13.3060822447
-2.73217161746 -0.550994027065 -14.1618267983
-1.86148832832 -1.0428228546 -14.1579524432
-0.93562082343 -0.807386316033 -13.8624207196
-0.525851791844 0.0100455388745 -13.4575818623
-1.30256595838 -0.433663915239 -13.0105505211
-2.4338189349 1.00120199561 -13.2212690137
-2.84348327577 0.11102037653 -13.4206475729
-2.06622238689 0.174811467813 -12.7947113114
-1.14054743823 0.544055682834 -12.8770799892
-0.637622306979 0.990920393039 -13.6169301363
-1.50814398622 1.37044621065 -13.3036376915
:EOF
