:name
icosidodecahedron
:number
16
:solid
32 5
5 1 3 8 7 6
3 3 4 8
3 7 8 9
5 4 11 10 9 8
3 1 2 3
5 2 28 5 4 3
3 6 7 12
3 4 5 11
3 0 1 6
5 7 9 14 13 12
3 9 10 14
3 10 11 17
5 0 25 27 2 1
3 2 27 28
5 0 6 12 18 24
3 5 28 29
3 12 13 18
5 5 29 23 17 11
3 13 14 15
5 10 17 16 15 14
3 0 24 25
3 25 26 27
5 22 29 28 27 26
3 16 17 23
3 18 19 24
3 22 23 29
5 13 15 20 19 18
3 15 16 20
5 19 21 26 25 24
3 21 22 26
3 19 20 21
5 16 23 22 21 20
:dummy
:vertices
30 0
-3.94332824276 -4.86674519722 -2.18059731719
-4.75301601285 -5.43688017294 -2.31970815225
-4.47247251761 -6.2547125409 -2.82214776573
-5.16591111152 -6.32193454855 -2.1047746981
-5.02430164486 -7.18384763445 -1.61789422889
-4.24334358743 -7.64931720925 -2.0343586181
-4.63676683666 -4.93396720487 -1.46322424955
-4.97781599329 -5.50820427282 -0.718954632715
-5.3048451401 -6.36601526649 -1.11545461541
-4.83620652663 -6.37011735873 -0.232074163509
-4.26602843983 -7.19048495912 -0.188554632715
-4.38227761601 -7.69339792719 -1.04503853541
-4.16812822319 -4.93806929711 -0.579843797653
-3.52610419435 -5.44761958985 -0.00698810417381
-3.93899929302 -6.33267396545 0.207945349981
-2.95592610755 -6.26798719024 0.0365314266209
-2.67538261231 -7.0858195582 -0.465908186859
-3.4850703824 -7.65595453392 -0.605019021923
-3.18505503772 -4.87338252189 -0.751257721014
-2.40409698029 -5.33885209668 -1.16772211022
-2.26248751364 -6.20076518259 -0.680841641013
-2.12355348505 -6.15668446465 -1.6701617237
-2.45058263186 -7.01449545832 -2.0666617064
-2.79163178848 -7.58873252627 -1.32239208956
-3.04612100914 -4.82930180394 -1.7405778037
-3.16237018532 -5.33221477202 -2.5970617064
-2.59219209852 -6.15258237241 -2.5535421756
-3.48939933213 -6.19002576569 -2.99356168909
-3.9022944308 -7.07508014129 -2.77862823494
-3.26027040195 -7.58463043403 -2.20577254146
:EOF
