:name
snub dodecahedron (laevo)
:number
21
:solid
92 5
5 45 46 47 48 49
3 47 50 48
3 12 47 46
3 11 50 47
3 11 47 12
3 48 50 54
3 12 46 15
3 33 49 48
3 16 46 45
3 33 48 54
3 15 46 16
3 43 45 49
3 11 51 50
3 12 15 13
3 32 49 33
3 16 45 42
3 32 43 49
3 42 45 43
5 10 11 12 13 14
3 10 51 11
5 50 51 52 53 54
3 33 54 34
3 13 15 19
3 16 42 17
3 34 54 53
5 15 16 17 18 19
3 32 44 43
3 7 51 10
5 30 31 32 33 34
3 7 52 51
3 2 13 19
3 2 14 13
3 17 42 41
5 40 41 42 43 44
3 31 44 32
3 8 10 14
3 34 53 59
3 7 10 8
3 52 55 53
3 30 34 59
3 2 19 3
3 6 52 7
3 17 41 20
3 3 19 18
3 17 20 18
3 1 14 2
3 53 55 59
3 1 8 14
3 31 38 44
3 6 55 52
3 38 40 44
3 30 39 31
3 21 41 40
3 30 59 58
3 20 41 21
3 31 39 38
3 3 18 24
3 18 20 24
3 1 9 8
5 5 6 7 8 9
3 30 58 39
3 6 56 55
3 37 40 38
5 0 1 2 3 4
3 21 40 37
3 3 24 4
5 55 56 57 58 59
3 0 9 1
3 5 56 6
3 35 39 58
5 20 21 22 23 24
3 21 37 22
3 4 24 23
5 35 36 37 38 39
3 5 9 28
3 0 28 9
3 35 58 57
3 5 27 56
3 0 4 29
3 27 57 56
3 22 37 36
3 5 28 27
3 4 23 29
3 0 29 28
3 26 35 57
3 22 25 23
3 26 57 27
3 26 36 35
3 22 36 25
3 23 25 29
3 25 36 26
5 25 26 27 28 29
:dummy
:vertices
60 0
8.97924185083 -5.78296611816 -6.66150483034
8.09417994123 -5.76576964803 -6.19634926757
7.51780252706 -6.47488107497 -6.602489712
8.04664360436 -6.93033250876 -7.31865387364
8.94986277894 -6.50270554813 -7.35512722262
8.91308994582 -4.06870625131 -6.67090067449
8.10897561417 -3.47445900584 -6.68734308645
7.3474197574 -3.97351417416 -6.27384989915
7.68086668518 -4.87619447588 -6.00185464332
8.6485040768 -4.93502641502 -6.24724551774
6.71467235568 -4.74630195385 -6.2245572368
5.93906177 -4.76171998568 -6.85558061483
5.84401174828 -5.69359366247 -7.20569051735
6.5608781899 -6.25410523615 -6.79104695887
7.09897603796 -5.66864676299 -6.184673244
6.18719486997 -6.50133165588 -7.68504912251
6.19475498486 -6.48854951542 -8.68493884714
7.06080695558 -6.88272207889 -8.99248067251
7.58849639455 -7.13911626096 -8.1826622488
7.04857443269 -6.90340401657 -7.37462511294
8.05961344565 -6.90840396045 -9.03402618583
8.52269592657 -6.26852787779 -9.64730688406
9.31623576015 -5.89756436889 -9.16493710093
9.34358786775 -6.30817239445 -8.25353548168
8.56695256638 -6.93290561919 -8.17262808667
9.74430925227 -5.4049587786 -8.4072479753
9.70574933745 -4.40571749765 -8.41272480809
9.49337221326 -4.09957500344 -7.48473088014
9.40067584691 -4.90960981738 -6.90572225857
9.55576346605 -5.71638135875 -7.47586917862
7.70112717065 -3.24196761053 -9.4231934841
7.51235945293 -3.98791150541 -10.0618909512
6.57764956798 -4.30428955075 -9.89995774484
6.18873480712 -3.75387804121 -9.16118005233
6.88308215117 -3.09732697515 -8.86652353457
9.24130801288 -3.95588741902 -9.17557941407
9.50261418487 -4.91850785746 -9.24686037957
8.87393779066 -5.36292467666 -9.88502938706
8.22408823912 -4.67496893771 -10.2081585588
8.45113552293 -3.80537208905 -9.76969436215
7.96064626092 -5.63934606492 -10.1841778305
7.54157217122 -6.43469294267 -9.74622777466
6.58186383393 -6.2186240996 -9.56657766344
6.40780555197 -5.28973933299 -9.89349784446
7.25993995495 -4.93172581861 -10.2751957392
5.85870219626 -5.66875603077 -9.14862749177
5.65559450578 -5.81424524923 -8.18034026507
5.52789827037 -4.91899241482 -7.75347256433
5.65208534711 -4.22020651619 -8.45794104324
5.85653341693 -4.68358591435 -9.32019420799
5.84029107382 -4.00347374335 -7.50002376896
6.45103822017 -3.91460240122 -6.71320116653
7.16858568579 -3.26007643782 -6.95136371151
7.0013072617 -2.94442848803 -7.88537886161
6.18037604446 -3.40387328995 -8.2244694254
7.93085643903 -2.94486272301 -7.516680973
8.82862713725 -3.36100624809 -7.37234684692
9.23655183704 -3.53444166435 -8.26873827682
8.59089246811 -3.22548712134 -8.9670727739
7.78392833321 -2.86110729657 -8.5022757986
:EOF
