:name
triakis tetrahedron
:number
32
:solid
12 3
3 4 1 3
3 4 3 2
3 4 2 1
3 5 0 1
3 5 1 2
3 5 2 0
3 6 1 0
3 6 0 3
3 6 3 1
3 7 2 3
3 7 3 0
3 7 0 2
:dummy
:vertices
8 0
-1.33333333333 -0.76980035892 -1.0886621079
-0.833333333333 -1.05847549351 -0.272165526976
-0.5 -0.288675134595 -0.816496580928
-0.444444444444 -1.21885056829 -1.17938395023
-0.444444444444 -0.872440406775 -0.689486001672
-0.977777777778 -0.603010281154 -0.635052896277
-0.944444444444 -1.16111554137 -0.852785317858
-0.744444444444 -0.699235326019 -1.17938395023
:EOF
