:name
small stellated dodecahedron
:number
5
:comment
Coordinate and face data from http://www.georgehart.com/virtual-polyhedra/vrml/small_stellated_dodecahedron.wrl
:solid
60 3
3 12 0 1 
3 12 1 6 
3 12 6 9 
3 12 9 2 
3 12 2 0 
3 13 0 2 
3 13 2 8 
3 13 8 10 
3 13 10 3 
3 13 3 0 
3 14 0 3 
3 14 3 7 
3 14 7 6 
3 14 6 4 
3 14 4 0 
3 15 0 4 
3 15 4 9 
3 15 9 8 
3 15 8 5 
3 15 5 0 
3 16 0 5 
3 16 5 10 
3 16 10 7 
3 16 7 1 
3 16 1 0 
3 17 1 7 
3 17 7 11 
3 17 11 9 
3 17 9 4 
3 17 4 1 
3 18 1 4 
3 18 4 2 
3 18 2 5 
3 18 5 3 
3 18 3 1 
3 19 1 3 
3 19 3 10 
3 19 10 11 
3 19 11 6 
3 19 6 1 
3 20 2 9 
3 20 9 11 
3 20 11 10 
3 20 10 5 
3 20 5 2 
3 21 2 4 
3 21 4 6 
3 21 6 11 
3 21 11 8 
3 21 8 2 
3 22 3 5 
3 22 5 8 
3 22 8 11 
3 22 11 7 
3 22 7 3 
3 23 6 7 
3 23 7 10 
3 23 10 8 
3 23 8 9 
3 23 9 6
:dummy
:vertices
24 0
0 0 1.902113
1.701302 0 -0.8506508
0.5257311 1.618034 -0.8506508
-1.376382 1. -0.8506508
-1.376382 -1. -0.8506508
0.5257311 -1.618034 -0.8506508
-0.5257311 1.618034 0.8506508
-0.5257311 -1.618034 0.8506508
-1.701302 0 0.8506508
1.376382 -1. 0.8506508
1.376382 1. 0.8506508
0 0 -1.902113
0.6155367 0.4472136 0.3804226
-0.2351141 0.7236068 0.3804226
-0.7608452 0 0.3804226
-0.2351141 -0.7236068 0.3804226
0.6155367 -0.4472136 0.3804226
0.2351141 -0.7236068 -0.3804226
0 0 -0.8506508
0.2351141 0.7236068 -0.3804226
0.7608452 0 -0.3804226
-0.6155367 0.4472136 -0.3804226
-0.6155367 -0.4472136 -0.3804226
0 0 0.8506508
:EOF
