:name
great stellated dodecahedron
:number
7
:comment
Coordinate and face data from http://www.georgehart.com/virtual-polyhedra/vrml/great_stellated_dodecahedron.wrl
:solid
60 3
3 20 0 1
3 20 1 4  
3 20 4 7  
3 20 7 2  
3 20 2 0  
3 21 0 2  
3 21 2 6  
3 21 6 9  
3 21 9 3  
3 21 3 0  
3 22 0 3  
3 22 3 8  
3 22 8 5  
3 22 5 1  
3 22 1 0  
3 23 1 5  
3 23 5 11  
3 23 11 10  
3 23 10 4  
3 23 4 1  
3 24 2 7  
3 24 7 13  
3 24 13 12  
3 24 12 6  
3 24 6 2  
3 25 3 9  
3 25 9 15  
3 25 15 14  
3 25 14 8  
3 25 8 3  
3 26 4 10  
3 26 10 16  
3 26 16 13  
3 26 13 7  
3 26 7 4  
3 27 5 8  
3 27 8 14  
3 27 14 17  
3 27 17 11  
3 27 11 5  
3 28 6 12  
3 28 12 18  
3 28 18 15  
3 28 15 9  
3 28 9 6  
3 29 10 11  
3 29 11 17  
3 29 17 19  
3 29 19 16  
3 29 16 10  
3 30 12 13  
3 30 13 16  
3 30 16 19  
3 30 19 18  
3 30 18 12  
3 31 14 15  
3 31 15 18  
3 31 18 19  
3 31 19 17  
3 31 17 14  
:dummy
:vertices
32 0
0 0 2.802517
1.868345 0 -2.088873
-0.9341724 1.618034 -2.088873
-0.9341724 -1.618034 -2.088873
-2.088873 1.618034 0.9341724
-2.088873 -1.618034 0.9341724
-0.3568221 -2.618034 0.9341724
2.445695 -1. 0.9341724
2.445695 1. 0.9341724
-0.3568221 2.618034 0.9341724
0.3568221 -2.618034 -0.9341724
0.3568221 2.618034 -0.9341724
2.088873 1.618034 -0.9341724
-2.445695 -1. -0.9341724
-2.445695 1. -0.9341724
2.088873 -1.618034 -0.9341724
0.9341724 1.618034 2.088873
0.9341724 -1.618034 2.088873
-1.868345 0 2.088873
0 0 -2.802517
0.2581989 0.4472136 0.0986232
-0.5163978 0 0.0986232
0.2581989 -0.4472136 0.0986232
-0.3191514 0 -0.4177746
0.1595757 -0.2763932 -0.4177746
0.1595757 0.2763932 -0.4177746
-0.1595757 -0.2763932 0.4177746
-0.1595757 0.2763932 0.4177746
0.3191514 0 0.4177746
0.5163978 0 -0.0986232
-0.2581989 0.4472136 -0.0986232
-0.2581989 -0.4472136 -0.0986232
:EOF
