:name
truncated tetrahedron
:number
9
:solid
8 6
6 10 7 2 0 5 9
3 9 11 10
6 11 9 5 1 3 8
3 8 3 6
3 0 1 5
6 3 1 0 2 4 6
3 4 2 7
6 8 6 4 7 10 11
:dummy
:vertices
12 0
-1.81838674862 6.50259862115 -3.55608215901
-1.71671302535 6.99945282521 -2.69422465692
-1.55633795057 5.53914900186 -3.6117172067
-1.35299050403 6.53285740997 -1.88800220252
-1.19261542925 5.07255358663 -2.80549475231
-1.11503930208 7.20763189467 -3.46536031668
-1.09094170598 5.56940779068 -1.94363725022
-0.590941705978 5.28073265609 -3.57663041208
-0.387594259431 6.2744410642 -1.8529154079
-0.14964305748 6.94921554889 -3.43027352205
0.112405740569 5.9857659296 -3.48590856975
0.214079463842 6.48262013366 -2.62405106766
:EOF
